ordered_difft <-
structure(c(0, 0.0220026279395275, -0.0202594248255755, -0.015524382034727, 
-0.0204021979691162, -0.0407337812960997, 0, 0.0221883664640254, 
-0.0188494328212283, -0.0109180090767992, -0.019096341521323, 
-0.0397151388859592, 0, 0.0237079628626111, -0.0177664680925113, 
-0.00875548125610284, -0.0174628934202308, -0.036792542748194, 
0, 0.0243582646406958, -0.013947038927854, -0.00846202599468091, 
-0.0172318428849245, -0.0364221378152702, 0, 0.0244025862963054, 
-0.0136173571453449, -0.00816843856227234, -0.0162151548752307, 
-0.0341532729121437, 0, 0.0276122909929379, -0.0131525044670245, 
-0.00767565295458256, -0.015640889901467, -0.0339376048891481, 
0, 0.029087051698731, -0.0127579776235188, -0.00742429852209306, 
-0.0154861092392499, -0.0338055396398211, 0, 0.0314962328081112, 
-0.0125624736156382, -0.00735918182853723, -0.0141419397249904, 
-0.0334564370513127, 0, 0.032124672253758, -0.0124044078954088, 
-0.00680417040914832, -0.014134493461355, -0.0325882179520393, 
0, 0.0323497226185949, -0.0123900013884801, -0.00599719168653703, 
-0.013995100411941, -0.0325221168482047, 0, 0.0329900833009248, 
-0.0120933989888477, -0.00579041821136436, -0.0139388960279087, 
-0.0324687622000329, 0, 0.0341736267499834, -0.011893304280178, 
-0.00548401948422858, -0.0138698348655871, -0.031392439324479, 
0, 0.0344590982267383, -0.0111337881551776, -0.00530219507724608, 
-0.0138694416204524, -0.0312566946911713, 0, 0.0353935277517894, 
-0.0108675697775153, -0.00527262789227445, -0.013840962024566, 
-0.0303724181538781, 0, 0.0353989353006467, -0.0108544550534366, 
-0.00526349929749231, -0.0137462220564735, -0.0296855096225994, 
0, 0.035870240693402, -0.0107701937739946, -0.00522810013905622, 
-0.0132796135651345, -0.0294274983789285, 0, 0.0361172182283636, 
-0.0102766901625235, -0.00498595725904716, -0.0129349679471806, 
-0.0293165524177558, 0, 0.0365410268780826, -0.0102433911839599, 
-0.00450818979250434, -0.0128724012149481, -0.0286175490845513, 
0, 0.0370135908602094, -0.010141198991904, -0.00448594277328251, 
-0.012802372416217, -0.0285368066986555, 0, 0.037099492880654, 
-0.0100357361608952, -0.00436020617016883, -0.0125058916706926, 
-0.0284809353575294, 0, 0.0373288026315402, -0.0100251480195913, 
-0.00407685886805784, -0.0122185159462689, -0.0283901397644853, 
0, 0.0378608696632488, -0.00972844272189785, -0.00377852628612454, 
-0.0122158878207958, -0.0283769599403518, 0, 0.0381798386820523, 
-0.00964843991674336, -0.00359289314163219, -0.0119066010974979, 
-0.0281434914918547, 0, 0.0387622982145678, -0.00954790477238276, 
-0.00354617721294134, -0.0108345320828231, -0.0275750609125337, 
0, 0.0390228577534549, -0.0094767370580906, -0.00333782363728422, 
-0.0105207453002263, -0.0273451340580037, 0, 0.0391580249619072, 
-0.00945145948333612, -0.00328131906408125, -0.0103974268557954, 
-0.0272966008962957, 0, 0.0392694570556206, -0.00936094665677384, 
-0.00323525144171596, -0.00981771956531208, -0.02728478893506, 
0, 0.0397931862789483, -0.00933544045298146, -0.00320654836729423, 
-0.0096882008685651, -0.0271794815758032, 0, 0.0401740957411468, 
-0.00921213855191699, -0.00316170249050751, -0.00957575475118204, 
-0.0265674953341081, 0, 0.0402619665032625, -0.00911657129087448, 
-0.00293086258872352, -0.00949971994378866, -0.0263866916638926, 
0, 0.0406585261752016, -0.00888698415021413, -0.00285491349280229, 
-0.00936187705066517, -0.0257446880223258, 0, 0.0411072790505488, 
-0.00885441002481432, -0.00267357203920204, -0.00918347977206788, 
-0.02572760150851, 0, 0.0412406204112561, -0.00870726787048268, 
-0.00261944970761144, -0.00889263366164372, -0.0254734266849793, 
0, 0.0414490578284878, -0.00858064263878286, -0.00217530069706365, 
-0.00872401523109428, -0.0253449147044845, 0, 0.0417036648320715, 
-0.00856510995352361, -0.00214141083747735, -0.00871596364989599, 
-0.0249355094321756, 0, 0.0420296757428448, -0.0085456058039769, 
-0.00202819461919349, -0.00868064783406793, -0.0248830317574689, 
0, 0.0425729973350403, -0.00845547799318122, -0.00200358360122882, 
-0.00845789778972096, -0.0248703435309434, 0, 0.0426956205156764, 
-0.00840030611805126, -0.00186533183867452, -0.00842975033839462, 
-0.0245769310011065, 0, 0.0427301769238392, -0.0083867586699678, 
-0.00181506423001437, -0.00841612762434266, -0.0245675559990124, 
0, 0.0427874281563828, -0.008151261963012, -0.00181072271103244, 
-0.00835015446988957, -0.0245003287557642, 0, 0.0428471443080771, 
-0.00814216592546249, -0.0016758609436178, -0.00810951965275283, 
-0.0244115901652789, 0, 0.0430043334847706, -0.00808687623536369, 
-0.00154900879940215, -0.00804151920811212, -0.0242594104040743, 
0, 0.043100313641024, -0.00807519411427279, -0.00140977431993036, 
-0.00788209083773152, -0.0241105385285039, 0, 0.0432499667190739, 
-0.0080484992115735, -0.0013166976244503, -0.00780633717488931, 
-0.0240102085344729, 0, 0.0434552924170399, -0.00799520020666114, 
-0.00127195901532995, -0.00774141587046694, -0.0238451017902085, 
0, 0.043500562519814, -0.00799062032644868, -0.00125603655688225, 
-0.00758424556836293, -0.0237499888462886, 0, 0.0435098312752902, 
-0.00795642338445546, -0.00116036119764432, -0.00670254755353079, 
-0.0237014483299215, 0, 0.0438322158671096, -0.00789795392445841, 
-0.00114569722900135, -0.00667078442514173, -0.0235568222406953, 
0, 0.0439909975894278, -0.00786205399758874, -0.000883243653667293, 
-0.00651213232110009, -0.0234990205586984, 0, 0.044000377253017, 
-0.00783691757056765, -0.000851116748451924, -0.00647373506645449, 
-0.0234606689667614, 0, 0.0443965580821538, -0.00774677421148506, 
-0.000815752142172055, -0.00644604572390932, -0.0232991778379253, 
0, 0.0444492312035709, -0.00774031869359212, -0.000805096421604895, 
-0.00644490185572287, -0.0231737693829768, 0, 0.0446445529190643, 
-0.00752050386747855, -0.00077616306748976, -0.00630438360325394, 
-0.023074202960559, 0, 0.0449672470221757, -0.00739839213219573, 
-0.00067791211598317, -0.00603538116333753, -0.0230539666415371, 
0, 0.0450560394935835, -0.00731361488454205, -0.000676212440582635, 
-0.00598515545978801, -0.0229574593891296, 0, 0.0451303836367772, 
-0.00730581089897991, -0.000599551690315531, -0.0059744794632776, 
-0.0228870407907348, 0, 0.0453015418477272, -0.00727302191003973, 
-0.000576186198611661, -0.00586891794746962, -0.0228611124611691, 
0, 0.0458557055650194, -0.00726275783913471, -0.000534540339872436, 
-0.00565907028478084, -0.0226421425690273, 0, 0.0459185103110723, 
-0.00714347748850558, -0.000389259254800683, -0.00554749787270266, 
-0.0222288633899169, 0, 0.0462100841045832, -0.00710588128481668, 
-0.000280942870943462, -0.00551678307302196, -0.0221148022577624, 
0, 0.0462159746293092, -0.00688119033452225, -0.000201819598315972, 
-0.00549766167313732, -0.0219916544216876, 0, 0.0462401638487924, 
-0.00682445945267007, -9.38281453136403e-05, -0.00548783394726807, 
-0.0217840428888975, 0, 0.0466287637765875, -0.00672315341744986, 
-9.32139576838575e-05, -0.00545128771977013, -0.0217573572937535, 
0, 0.0467061527966714, -0.00667882396698616, -7.58179325843211e-05, 
-0.00542068252101716, -0.0216835922098571, 0, 0.0468881481864031, 
-0.00662047252364742, -6.49046158206767e-05, -0.00520028459839758, 
-0.0216827389377483, 0, 0.0471606903019618, -0.00639264290926292, 
-1.31792739155867e-05, -0.00518301651625362, -0.0216337993727101, 
0, 0.0472935870077144, -0.00636629219666912, -1.04283031324703e-05, 
-0.00506634317472789, -0.0215290770297866, 0, 0.0475500838812802, 
-0.00620279403939561, 3.81735070762446e-05, -0.00505992823665768, 
-0.0215157004016857, 0, 0.0476160973412308, -0.00614070063473696, 
8.61003671626948e-05, -0.00505595624368074, -0.0214629693084155, 
0, 0.0476423411145706, -0.00600906648006017, 0.000123785542789107, 
-0.00501768343324151, -0.0214493573527616, 0, 0.0477109499077218, 
-0.00598504044980766, 0.000134897272856788, -0.0048662243530166, 
-0.0214388558037435, 0, 0.048343770950606, -0.0059215083282354, 
0.000226429716710025, -0.00484821556499553, -0.0214096083013714, 
0, 0.0484381541567308, -0.00591767831423992, 0.000251655106675575, 
-0.00482121150404485, -0.0211149558795008, 0, 0.0485288262955011, 
-0.00591025594973274, 0.000268570579837424, -0.00455542184592307, 
-0.0210901934239855, 0, 0.0485435149494309, -0.00581607772656312, 
0.000319555404977412, -0.00455021575461391, -0.0209271431540009, 
0, 0.0486249760905224, -0.00577228786121123, 0.000360608210710128, 
-0.00451679597148724, -0.0208105346601584, 0, 0.0488723054455157, 
-0.00573530654171825, 0.000363311746289924, -0.00447711116856035, 
-0.0208015408009902, 0, 0.0490951236493675, -0.00539763832467252, 
0.000449318875718557, -0.0044641233419784, -0.0207009639377053, 
0, 0.0492155707974168, -0.00537627935025997, 0.000518541292894775, 
-0.00445475474006815, -0.0206666972667907, 0, 0.0492773331060269, 
-0.0053046385875303, 0.00060033437532947, -0.00445433850246656, 
-0.0206522745062868, 0, 0.0495406577458752, -0.00528752968236915, 
0.000701604429110908, -0.00434489703039208, -0.0204171138755781, 
0, 0.0497168092796257, -0.00521070633831316, 0.000719818457899007, 
-0.00431656960033794, -0.0202129855303525, 0, 0.0499113800155082, 
-0.00506165738617514, 0.000741124563720164, -0.00429610535921333, 
-0.0200920195888542, 0, 0.0499560964005663, -0.00504844352623471, 
0.000851470059734544, -0.00411478592407169, -0.0200419366594573, 
0, 0.0501410398348962, -0.0049010221480478, 0.000904560196894638, 
-0.00410941499899573, -0.020012186606254, 0, 0.0502556841347364, 
-0.0048524842370305, 0.00095763288424236, -0.0039845129646388, 
-0.0199815120142046, 0, 0.0503936402730997, -0.00483191999083049, 
0.000963790343844112, -0.00398257586924614, -0.0199208180928532, 
0, 0.0504030898921446, -0.00468737292101049, 0.000987195081996239, 
-0.00386449267091676, -0.0198562408908141, 0, 0.0504499221354498, 
-0.0045704386981878, 0.00110293963007704, -0.00378961470185399, 
-0.0193064432509311, 0, 0.050618364990485, -0.00456761390803032, 
0.0011166366380938, -0.00368418533168842, -0.0192880940022531, 
0, 0.0506551230207209, -0.00453579318808114, 0.00116557833597361, 
-0.0035996651884688, -0.0192744537676028, 0, 0.0507785684278476, 
-0.00451612670998433, 0.00129031381443279, -0.00357146234427493, 
-0.0192361959599013, 0, 0.0507959466022306, -0.00450250013338069, 
0.00142909612083469, -0.00353103760297417, -0.0191494445784408, 
0, 0.0509382047128829, -0.00434839681609128, 0.00144490426332261, 
-0.00343388604092869, -0.0191180987558827, 0, 0.0510871660924734, 
-0.00434672851939713, 0.00154923079580468, -0.00325465741692471, 
-0.0191137589133495, 0, 0.0511101775418128, -0.00433815200404597, 
0.00164701443885379, -0.00322634275719995, -0.0190820288838563, 
0, 0.0512024760957592, -0.00432316374074965, 0.00164984349876787, 
-0.00319785016379784, -0.0190146270663748, 0, 0.0512064054600896, 
-0.00431457579561703, 0.00167490199624598, -0.00309210786446945, 
-0.0189484104484857, 0, 0.0512527343204653, -0.00424192371219764, 
0.00167752460279416, -0.00306167395490242, -0.0189172585511462, 
0, 0.0513209439162938, -0.00422462008531729, 0.00168106606829202, 
-0.003049155567325, -0.0188626216020365, 0, 0.0513726041775814, 
-0.00422286023615731, 0.00168968768145195, -0.00303766320301249, 
-0.0188352464454193, 0, 0.0514031022271362, -0.00421495275718772, 
0.0018112785497261, -0.00297015505703388, -0.0188115758837429, 
0, 0.0516566962976761, -0.00421477098141881, 0.00181657716456457, 
-0.00290279467459498, -0.0188066354034828, 0, 0.0517607118884881, 
-0.00411518196319238, 0.00190928390970707, -0.00286310458742711, 
-0.0187566413433725, 0, 0.051820005783038, -0.00410241443112708, 
0.00192912023606484, -0.00282268095333854, -0.0184352030614574, 
0, 0.0519930749145991, -0.00409544915362917, 0.0020794839835778, 
-0.00269781894819363, -0.0183447897829052, 0, 0.05200565124701, 
-0.00405731511968113, 0.0021998691915964, -0.00267454221966075, 
-0.0182817099139533, 0, 0.0520337232755236, -0.00402306242486158, 
0.00228912309666437, -0.00265924277431186, -0.0182532096266429, 
0, 0.0522974943630305, -0.00400660300679098, 0.00231761971847982, 
-0.00265440335745616, -0.0182110203582789, 0, 0.0523676217417984, 
-0.00398707385421757, 0.00233663402690401, -0.0026150848569742, 
-0.0181501058283845, 0, 0.0523722304304373, -0.00394011635970462, 
0.00238074736711558, -0.00252814361257742, -0.0180839149360243, 
0, 0.0525364523582291, -0.00388316353855472, 0.00249485497421997, 
-0.00251571066427539, -0.0180793760692818, 0, 0.0525671316138306, 
-0.00361943168221046, 0.00251609857438187, -0.00246121470423362, 
-0.0180496369897403, 0, 0.0525799122844872, -0.00357449820210151, 
0.00252153282969445, -0.0024343980052683, -0.0179378709982563, 
0, 0.0526132575458699, -0.00339216467028913, 0.00255772046671016, 
-0.00243350001264189, -0.0178606165127419, 0, 0.0528457067582767, 
-0.00336628431372529, 0.00258961207134351, -0.00237094866858673, 
-0.0177635971932987, 0, 0.0530841904432545, -0.00335749108039279, 
0.00259444060860567, -0.00232456480834818, -0.0176967264757203, 
0, 0.0531989638554262, -0.0032662529668834, 0.00259944636518217, 
-0.00231503004096804, -0.017527585837595, 0, 0.0532007321410609, 
-0.00325030231523638, 0.00263801760642565, -0.00231497039977964, 
-0.017520000641868, 0, 0.0532652137980226, -0.00322233127450902, 
0.00277627005527939, -0.00229514857112152, -0.0175145739143748, 
0, 0.0534042309639532, -0.00320659794583877, 0.00280934315570475, 
-0.00228744353193346, -0.0174260691615502, 0, 0.0534403252499689, 
-0.00316409830377137, 0.00282168413856534, -0.00227369524167743, 
-0.0173915006646188, 0, 0.0536918537139486, -0.0031461100838793, 
0.00282595404196984, -0.00224681932034981, -0.017328577835354, 
0, 0.0537136746032791, -0.00314178219481551, 0.00287840078724749, 
-0.00218317739955941, -0.0173101423641336, 0, 0.0538417576029807, 
-0.00310828497101559, 0.00294232796488184, -0.00217744949614659, 
-0.0173038522607967, 0, 0.0540161760937796, -0.003019308517442, 
0.00296308476335533, -0.00212609777344293, -0.0172112500350911, 
0, 0.0540165033993676, -0.00296626289768967, 0.00298914414684684, 
-0.0021072995176008, -0.0171417228049863, 0, 0.0542294664023206, 
-0.00294750490769216, 0.00299927864034416, -0.00208327519363734, 
-0.0171415804122755, 0, 0.0543143892506537, -0.00289931961923079, 
0.00301458276683453, -0.00203292342634653, -0.0170481707857155, 
0, 0.0544112316282099, -0.00284956262961897, 0.00303742201653601, 
-0.0019468156769141, -0.0170117503448452, 0, 0.0546230176233929, 
-0.0028140648100029, 0.00304396579491675, -0.00193412801510988, 
-0.0167342821920705, 0, 0.0547352629525189, -0.00269005008156728, 
0.00308709487567621, -0.00188386612483531, -0.016732671888235, 
0, 0.0547880055346535, -0.00267800554897638, 0.00308871035186664, 
-0.00187358552146291, -0.0167310543314181, 0, 0.0548429046026914, 
-0.00267413943003958, 0.00316386593963655, -0.00174134947807347, 
-0.0167165632273385, 0, 0.0548716590157308, -0.00261841155427511, 
0.00316838546637668, -0.00169528324505097, -0.0166316997088506, 
0, 0.0549684726317462, -0.00253634084730694, 0.00344035829742773, 
-0.0016372449928172, -0.01661464513252, 0, 0.0549918264153004, 
-0.00253609231543997, 0.00344714703098778, -0.00156370981809356, 
-0.0165951031515497, 0, 0.0550020195168517, -0.00250939406443182, 
0.00345376898988692, -0.00149620150779009, -0.0165339713904848, 
0, 0.0550377637219274, -0.00245723690576682, 0.00348111593757641, 
-0.00149139409566749, -0.0165282426211448, 0, 0.0550430606951784, 
-0.00244191161583726, 0.00351568004388356, -0.00146315662332433, 
-0.0164939422883362, 0, 0.0551408050992735, -0.00242377369680016, 
0.00352384381991797, -0.00141257503024014, -0.0164090316414678, 
0, 0.0552572097898371, -0.0023610029408393, 0.0035964559228692, 
-0.0013898761174756, -0.0163980707835946, 0, 0.0553173179072409, 
-0.00233750637577351, 0.00360432518601259, -0.00129862911410185, 
-0.0162807720973843, 0, 0.0555470751929455, -0.00232589843348824, 
0.00365111497396295, -0.00129105508052098, -0.0162495958290941, 
0, 0.0555939683307174, -0.00226414642786144, 0.00366549547062922, 
-0.00123153403253234, -0.0161908784626977, 0, 0.0556444194206415, 
-0.00223046442081129, 0.00366899578146354, -0.00114052802278072, 
-0.0161027544958941, 0, 0.0558339759546551, -0.00219829699322016, 
0.00381345413898734, -0.000981086288049715, -0.0159834164892184, 
0, 0.0558490328139684, -0.00217939052671814, 0.00381952933656729, 
-0.000950906245199973, -0.0159063071674776, 0, 0.0558498703155978, 
-0.00215096451077623, 0.00383438111794984, -0.000864618514846108, 
-0.0158978575133121, 0, 0.0559616155323887, -0.00206648096200701, 
0.00384830345544532, -0.000830445123684048, -0.0158660587326852, 
0, 0.0560052466786706, -0.00204353918300398, 0.00385766336814333, 
-0.000813280243265935, -0.0158532895387084, 0, 0.0562822730465351, 
-0.00198568113276279, 0.00385817475212863, -0.000793902989912998, 
-0.0155430097868958, 0, 0.0563566315032689, -0.00197660705351491, 
0.00388445199318183, -0.000792223143926116, -0.0154063921820313, 
0, 0.0564945945806277, -0.00188546670983639, 0.00390233078803398, 
-0.000756356325311097, -0.0153113883862182, 0, 0.0565970529689669, 
-0.00188086887091121, 0.00391302625510287, -0.000659149533416267, 
-0.0152777021831554, 0, 0.0565994651323918, -0.00180757255946015, 
0.00396730404751419, -0.000596022046505579, -0.0152225170297395, 
0, 0.0566492677782174, -0.0017842390105087, 0.00400187309974037, 
-0.000592579643123883, -0.0152098948461253, 0, 0.0566778043481668, 
-0.00176825413520457, 0.00404515449175938, -0.000523268968772597, 
-0.0151737322083636, 0, 0.0567438499578787, -0.00176502894929334, 
0.00407674057300964, -0.000467340110348255, -0.0151194143028762, 
0, 0.0568653721355444, -0.00170397527598554, 0.00419736797379119, 
-0.000430157052345545, -0.0151067080986247, 0, 0.056961067634747, 
-0.00160594151764887, 0.00420331551291214, -0.000404940921586175, 
-0.0150860931892123, 0, 0.0569674702211311, -0.00154459248082209, 
0.00421223617820676, -0.000352157249893306, -0.0150174790682526, 
0, 0.0569992109299852, -0.00151701755161168, 0.00431290338329537, 
-0.000310034711008128, -0.0150108440508594, 0, 0.0570135430819872, 
-0.00149714842548818, 0.00436253571817619, -0.000207409471823836, 
-0.0150034463677442, 0, 0.0570164819700588, -0.00145253172315199, 
0.00442664943442378, -0.000206410359038955, -0.0149962271410665, 
0, 0.057049563950341, -0.00142074971719383, 0.00443696453614334, 
-0.00019820751407007, -0.0149067853057486, 0, 0.0572031007229978, 
-0.00138835749442112, 0.00446127438073854, -0.000137854507375065, 
-0.0148753520302114, 0, 0.057275259364408, -0.00132378949785256, 
0.00446676259257539, -0.000100238845515313, -0.0148419958871173, 
0, 0.0572850160178346, -0.00131972475398318, 0.00447162580301591, 
2.41173127433075e-05, -0.0147356385642845, 0, 0.0574346894891134, 
-0.00115474900234711, 0.00447387643287794, 3.39873124918094e-05, 
-0.0146493241577498, 0, 0.0575456817631009, -0.00108514409114494, 
0.00451236516711537, 0.000124027663944357, -0.014570564496449, 
0, 0.0575594949197032, -0.00102931697388883, 0.00456810307694591, 
0.000174249028260992, -0.0145038680081632, 0, 0.0575791613496936, 
-0.00101521436788066, 0.00459342684372244, 0.000189124232183438, 
-0.0145014944959641, 0, 0.0577292060349976, -0.000895900023659912, 
0.00460792283811476, 0.000189690959501609, -0.0144784491669168, 
0, 0.0579797956602965, -0.0008583915279953, 0.00461351040583155, 
0.000261823858415028, -0.0143318260440538, 0, 0.0580559478193028, 
-0.000816429635831478, 0.00463909383444236, 0.000290026768636764, 
-0.0142904984339074, 0, 0.0581192212035583, -0.000747224602721364, 
0.00470092716986853, 0.000308405573676174, -0.0142787364758782, 
0, 0.0583039141880422, -0.000700055621317863, 0.0047719408834016, 
0.000334304180431899, -0.0142668415743259, 0, 0.0584986300558622, 
-0.000665568379035197, 0.00477471152454426, 0.000342547346484312, 
-0.0142243734077102, 0, 0.0585139147723827, -0.000645021077134239, 
0.00479253251192985, 0.000390507228902492, -0.0141875104739922, 
0, 0.0585847763316255, -0.000629434864893419, 0.00484815440592112, 
0.000477103789078226, -0.0141602507566274, 0, 0.0585927930766617, 
-0.000560139413673749, 0.0048660498027453, 0.000488237567117189, 
-0.0140957939945918, 0, 0.0586909269210897, -0.00051620753732573, 
0.00487360131209932, 0.000508994630688792, -0.0140812908149342, 
0, 0.0586935505519733, -0.000504831536230294, 0.00490104780535941, 
0.000574016099589403, -0.0140537718764782, 0, 0.0587328361046794, 
-0.000477433027451513, 0.00492231540708982, 0.000662466484192922, 
-0.0140504067450535, 0, 0.0587523714426318, -0.000449650851397004, 
0.00494012242489705, 0.000689708774809408, -0.0140347187971656, 
0, 0.0587650287280878, -0.000414280081937946, 0.00494451346589483, 
0.000756171400291064, -0.013937663729464, 0, 0.0588407391939244, 
-0.000399032037464858, 0.00497536026010195, 0.000804917726295776, 
-0.0138690654152158, 0, 0.0588483108859843, -0.000375276364697863, 
0.00500138278423728, 0.000847667781447126, -0.0138672377722271, 
0, 0.059127233777284, -0.000312846521957733, 0.0050037283016004, 
0.000871239208826119, -0.013801938587743, 0, 0.0591547058652875, 
-0.000253718092594363, 0.0050246692331081, 0.000873148746741242, 
-0.0136727197005599, 0, 0.0593093448037756, -0.000200389552079655, 
0.00506372686066023, 0.000882072745806109, -0.0136367213573701, 
0, 0.0593239213809419, -0.000174819136512738, 0.00513227769061159, 
0.000926168425530755, -0.0136286379027842, 0, 0.0593291491027802, 
-0.000144956518831979, 0.00517229751796003, 0.000976625593401587, 
-0.0136183373400322, 0, 0.0593668631563093, -7.21165412160274e-05, 
0.00521001028535112, 0.000994822682204202, -0.0136092274593455, 
0, 0.0593932362883857, 5.52488109304972e-05, 0.00523438400520937, 
0.00104433326690405, -0.0135482434374806, 0, 0.0594754927045024, 
7.13043309583106e-05, 0.00530728363188909, 0.00109161019462752, 
-0.0134587031514225, 0, 0.0595116527375841, 7.80225121589373e-05, 
0.00536775226609579, 0.00121806517123967, -0.0134437758986939, 
0, 0.0595162644718578, 0.000106498377529796, 0.00539870400079714, 
0.00122741459862125, -0.0133756477894988, 0, 0.0595520767297785, 
0.000185559022131687, 0.00542196638105927, 0.00126503945346713, 
-0.0131524540701076, 0, 0.0595644072517789, 0.000230374000977834, 
0.00543089584337661, 0.00130286031704656, -0.0131314332922452, 
0, 0.0595751753486715, 0.00026543320480521, 0.00553216939851731, 
0.00141786795019237, -0.0131299781011252, 0, 0.0595756062847593, 
0.000291822659384905, 0.00554570762375031, 0.00147842884267319, 
-0.0130949977458198, 0, 0.0596895313451477, 0.000371765378980121, 
0.00559342414004713, 0.00152203082148096, -0.0130864033470445, 
0, 0.0596902102394818, 0.000376908577300661, 0.00563829594761278, 
0.00157856869516491, -0.0130743437633663, 0, 0.0597280323991056, 
0.000387921581675971, 0.0056507781446847, 0.00159309198785706, 
-0.0130083474618513, 0, 0.0597562968516038, 0.000388678374934448, 
0.00566072479278618, 0.00162224402421103, -0.0129808259654379, 
0, 0.0597758178663658, 0.000395530382546805, 0.0057322047717934, 
0.00162467272911881, -0.0129226317897377, 0, 0.0598590426736, 
0.000422098902337159, 0.00581113991459339, 0.00170698027957995, 
-0.0129188876861701, 0, 0.0599573954687581, 0.000472911293701112, 
0.0058348462335035, 0.00186984961418017, -0.0129000819787194, 
0, 0.0600518553588493, 0.000479663773610556, 0.00589775590889144, 
0.00207272967584878, -0.012848918339362, 0, 0.0600651512943138, 
0.000529799665051595, 0.00592004320948045, 0.00211450979692072, 
-0.0128462856083959, 0, 0.0600705559527991, 0.000612898099113163, 
0.00592161727925322, 0.00215636250003752, -0.0128108858441825, 
0, 0.0602462905006144, 0.000644482589679057, 0.00599546967942677, 
0.00221430295869494, -0.0127858451227598, 0, 0.0603702979932325, 
0.000664544741542539, 0.00601013849976387, 0.00221901878946264, 
-0.0127737965848724, 0, 0.0604326240943649, 0.00067598071489483, 
0.00603146024246698, 0.00223582273403328, -0.0127612867430214, 
0, 0.0604801065067058, 0.000683122604672542, 0.006052436421255, 
0.00224681491688396, -0.0127595208628034, 0, 0.0604836373865488, 
0.000703814083221732, 0.00606826037098548, 0.00225059972091704, 
-0.0126690050671828, 0, 0.060542482831646, 0.00070626787797845, 
0.00607850245701921, 0.00225427236926407, -0.0126125242594098, 
0, 0.0605563358124643, 0.000714643312542451, 0.00615553669732344, 
0.00227790936123183, -0.0126080353065567, 0, 0.0605899723437127, 
0.0007291382760862, 0.00622666995458571, 0.00232319287339226, 
-0.01255177568078, 0, 0.0606232816493633, 0.000745394607369054, 
0.00623379807516927, 0.00232404083861835, -0.012444196979725, 
0, 0.0606250589884803, 0.000829443703359606, 0.00628371578521283, 
0.00232668429014576, -0.0124333414810322, 0, 0.0606369659490447, 
0.00082989495128255, 0.00631783567041486, 0.00234951950507722, 
-0.012274312595547, 0, 0.0607886297579732, 0.000855634770206226, 
0.00634513173579485, 0.00235501492868559, -0.0122504678534229, 
0, 0.0607909389142006, 0.000920364292017944, 0.00636838913033755, 
0.00238363726177221, -0.0121172469982555, 0, 0.0607958429647539, 
0.00100450116422268, 0.00641413015477518, 0.002420287110875, 
-0.0121113268137522, 0, 0.0608744611012272, 0.00102043023531914, 
0.00644888709947353, 0.0024779921593291, -0.0120925833615191, 
0, 0.0609217475592888, 0.00103716992107858, 0.00649364890131718, 
0.00253377442105657, -0.0119913418687784, 0, 0.0609422053906732, 
0.00108086730235651, 0.00652268393503722, 0.0025341636473834, 
-0.0119573902451583, 0, 0.0609496972329322, 0.00111398570567359, 
0.00662565671357604, 0.00257537012410247, -0.0116974156589937, 
0, 0.0610511300320737, 0.00112580073956417, 0.00665808355158776, 
0.00261130428282691, -0.0116050441944592, 0, 0.0612845765066154, 
0.00120700142873023, 0.00667094211527666, 0.00261134583071147, 
-0.0114381005352849, 0, 0.0613118043320095, 0.00126085386288838, 
0.00672402336183003, 0.00264248264179995, -0.0114330145477537, 
0, 0.0613303032774671, 0.00126822319171338, 0.00674666698233284, 
0.00268396813739626, -0.011426394312736, 0, 0.0613492756949626, 
0.00127652415069196, 0.00679124322658123, 0.00274738491141829, 
-0.0113535061279526, 0, 0.0613511899352764, 0.0013108662628947, 
0.00681942689900572, 0.00275995050872242, -0.0113352064790072, 
0, 0.0614140600916007, 0.00135616382823511, 0.00683460293979737, 
0.00279428615955361, -0.0112581705131466, 0, 0.0614389508870545, 
0.00141662310684343, 0.00685024899384221, 0.00279863424077352, 
-0.0111970007490266, 0, 0.061485444932263, 0.00148677964143051, 
0.00687390002425103, 0.00280136001913053, -0.0111795786951279, 
0, 0.0615792752821217, 0.00159318669889574, 0.00694320028214146, 
0.00280708350082931, -0.0111002810923005, 0, 0.06158206541371, 
0.00170517788110303, 0.00702005973871239, 0.00281474482262158, 
-0.0110066705107888, 0, 0.0615839880423865, 0.00183591322852525, 
0.007020626857592, 0.00285177238880741, -0.0109736412627432, 
0, 0.0616668489106351, 0.00184925225452201, 0.00703005626020453, 
0.00286625663082876, -0.0109608613663049, 0, 0.0616914904765767, 
0.00188087701829373, 0.00703517947447185, 0.00289460661562832, 
-0.0109327588715762, 0, 0.0617184125568691, 0.00189319239944669, 
0.00707871527560297, 0.00290218812501399, -0.0109001568566554, 
0, 0.0618053946913519, 0.00191467574647761, 0.00711390372068343, 
0.00295560605420586, -0.0108210898093414, 0, 0.0618655894265264, 
0.00192642369324753, 0.00716365443517539, 0.00296200946885229, 
-0.0107748995738671, 0, 0.0618733289524267, 0.00194758073770127, 
0.00717547561270498, 0.00300989483063209, -0.0107222751291923, 
0, 0.0619063490340747, 0.00201841350646351, 0.00727852566580292, 
0.00303162528185814, -0.0107168116426069, 0, 0.0620032739400335, 
0.00205790121625157, 0.00728204086740439, 0.00304158228013693, 
-0.0106419652229856, 0, 0.0620262937320574, 0.00208083483646082, 
0.0072835836922048, 0.00305082781966409, -0.0106410224098531, 
0, 0.0621150969849946, 0.00208769569990563, 0.00729812762009177, 
0.00315742309851905, -0.0106100732863996, 0, 0.0621254205001674, 
0.00210168490399629, 0.00732768206353487, 0.00325778477296267, 
-0.0106093259224, 0, 0.0622119451139151, 0.00214782668148514, 
0.00735385596123062, 0.00327328754686074, -0.0105474497411412, 
0, 0.0622527890071862, 0.00217412345197654, 0.00735681893721024, 
0.00331308209833385, -0.0105406119708418, 0, 0.0623928411727517, 
0.0021786935626518, 0.0073631168522332, 0.00336088138831979, 
-0.0103009019974562, 0, 0.0624937650576263, 0.00220974187744394, 
0.00737306258512768, 0.00341766639772184, -0.0102802097168022, 
0, 0.0625480927669849, 0.00222240555839306, 0.00737804995483057, 
0.0034972402825187, -0.0102698406402471, 0, 0.0626907598465321, 
0.00222642708431445, 0.00740860374016025, 0.00353652533065846, 
-0.0100817958985924, 0, 0.0626931183266231, 0.00233819549541561, 
0.00742823810171389, 0.00355936782601129, -0.0100296340441281, 
0, 0.0627182854250782, 0.00240602746851692, 0.00745537590978476, 
0.00358236032203102, -0.00997351059011622, 0, 0.0627186226757296, 
0.00242515036432747, 0.0075389185962863, 0.00361541077674912, 
-0.00994787054462107, 0, 0.0627920463836857, 0.00244979927216257, 
0.00755440108893177, 0.00361834231501272, -0.00993219049085874, 
0, 0.0628378279301774, 0.0024824273852046, 0.00764335168037411, 
0.00364857428897876, -0.00988800356501801, 0, 0.0628627005294542, 
0.0024976921445021, 0.00764623264384387, 0.00380640108895536, 
-0.00988546952198237, 0, 0.0628635464375673, 0.00252605809304665, 
0.00765406949058725, 0.00382987084251302, -0.00988454350385838, 
0, 0.0628905323068805, 0.00266937522921776, 0.00769440832111934, 
0.00386139755894603, -0.00988252854119637, 0, 0.0628956134245742, 
0.00267394252081207, 0.00769768878930036, 0.00386738862425294, 
-0.00986923863842727, 0, 0.0629747694491612, 0.00271615581260712, 
0.00774978857896438, 0.0039411711296856, -0.00984980621491631, 
0, 0.0630012608868423, 0.00273442202988727, 0.00775651616568779, 
0.00398304956373458, -0.00982602233344804, 0, 0.0630438683273429, 
0.00275319630895968, 0.00777693148934544, 0.00400486983991216, 
-0.0098219575793249, 0, 0.0630519968563101, 0.00276230825750146, 
0.00778517585860627, 0.00404949359092364, -0.00980214339840972, 
0, 0.063152092284031, 0.00276807481068397, 0.00792864928852313, 
0.00406303164626509, -0.00978956562328812, 0, 0.0631540831894399, 
0.00277740235231988, 0.00792897809967566, 0.00407956620562001, 
-0.00977377252240146, 0, 0.0632000478878006, 0.00278425222397202, 
0.00799286956770945, 0.00409234079528384, -0.00975118535979314, 
0, 0.0636130434355937, 0.00287478565552643, 0.00803831963800605, 
0.00409264534657892, -0.00965961962195705, 0, 0.0638593226045961, 
0.00291472400695381, 0.00806665088275216, 0.00416198296756212, 
-0.00954474726154381, 0, 0.063885702091074, 0.00294814219186304, 
0.00812404438975267, 0.00424733582449882, -0.00953243959476271, 
0, 0.0642147800482647, 0.00297032006760037, 0.00814034465307303, 
0.00427799050754758, -0.00953241570411784, 0, 0.0642545584405189, 
0.00298127559828165, 0.00815327644273064, 0.00428231450934334, 
-0.00949762601886875, 0, 0.0642559272030791, 0.00299740052749911, 
0.00821463431018246, 0.00430593854509412, -0.00935601303811444, 
0, 0.064269267834016, 0.00305259365954663, 0.00826366837223491, 
0.00440773826716644, -0.00934967909419741, 0, 0.0644648619979654, 
0.00308294423136038, 0.00840156786610508, 0.0044282695116015, 
-0.00932352523094811, 0, 0.0645495680653846, 0.00310595242409242, 
0.00842988226472513, 0.00444517418569727, -0.00932314927085809, 
0, 0.0647218949465674, 0.00312678449782228, 0.00843596518617212, 
0.00450317771080767, -0.00925275979326963, 0, 0.0648499282355356, 
0.00313790019637433, 0.00844067987067032, 0.00451131074878901, 
-0.00924634454735153, 0, 0.0649660858704778, 0.00318000479746358, 
0.00847292032180261, 0.0045934890205195, -0.00918497577996669, 
0, 0.0650451985836595, 0.00318544399173584, 0.00849156114020722, 
0.00467205639959516, -0.00915762814411943, 0, 0.0651029696479624, 
0.00321616068913877, 0.00850809341788511, 0.00467253045470606, 
-0.00902504034042383, 0, 0.0651641649835262, 0.00327769707637718, 
0.00851995344439349, 0.00479625536038007, -0.00899236691474319, 
0, 0.0651733562847275, 0.00336496333080183, 0.00852236319588476, 
0.00484310207960691, -0.00890994359068273, 0, 0.0651774730269005, 
0.00340670403580393, 0.00853378851703873, 0.00487816880507422, 
-0.00878422570656906, 0, 0.0651991116414669, 0.00347387780520747, 
0.00860668399750145, 0.00488864624951771, -0.00871649639149351, 
0, 0.065216139899072, 0.00348955881356711, 0.00863960495161986, 
0.00504356442443687, -0.00864983880641809, 0, 0.0652433203702284, 
0.00349078739442538, 0.0086793726492595, 0.00508007897102349, 
-0.00847433392097476, 0, 0.0653159484662568, 0.00349418654689826, 
0.00868184524536314, 0.00511000378322347, -0.0084624815461595, 
0, 0.0654673965951565, 0.00349457230618988, 0.0086886014101942, 
0.005124745443374, -0.00837850632258379, 0, 0.0654763084163706, 
0.00349979103298992, 0.00870569372186594, 0.00513706326742162, 
-0.00836322170327089, 0, 0.0654774790065843, 0.00351696843076102, 
0.0087061513467161, 0.00513795328543137, -0.00822972904215701, 
0, 0.0656463028970774, 0.00354307386228467, 0.00871528926308912, 
0.00514307375575287, -0.00818284979523722, 0, 0.0657664193141108, 
0.00359087665342483, 0.00874003951840313, 0.00518841083264349, 
-0.00815436658718732, 0, 0.0658257108917314, 0.0035919788776349, 
0.0087485838072292, 0.00524569103560638, -0.00805770591205572, 
0, 0.0659467145767783, 0.0036334134820776, 0.00886415622541448, 
0.0053065231549559, -0.00805325117975776, 0, 0.0659976734180004, 
0.00364221981499854, 0.00886958680544658, 0.00533473141341426, 
-0.00800569761499105, 0, 0.0660432005847222, 0.00374719319967351, 
0.00887671749984192, 0.00542304482870179, -0.00789047450816262, 
0, 0.0660530748520406, 0.00382113945326773, 0.00889478732227569, 
0.00549063703705552, -0.00784380742252426, 0, 0.0660850334018403, 
0.00388907144271086, 0.00893422476629474, 0.00551696472356522, 
-0.00784296178753723, 0, 0.0661581103670024, 0.00394029744668126, 
0.00894585072812401, 0.00552805946171959, -0.00778063771374504, 
0, 0.0661752275791455, 0.00395496137569409, 0.00897627838046605, 
0.005570995624075, -0.00769860963636249, 0, 0.0662804795705005, 
0.00395559492519712, 0.00902591056045654, 0.0057049965032317, 
-0.00764486237114609, 0, 0.0663217693217971, 0.00396829260809747, 
0.00915137625198528, 0.00574659970812984, -0.00762431516025072, 
0, 0.0664390555834801, 0.00397674241117921, 0.00916407676516767, 
0.0058609024583358, -0.00751053175102268, 0, 0.0664797660215695, 
0.00398536987489562, 0.00917246569362987, 0.00589206201320075, 
-0.0075066325861064, 0, 0.0666888285959743, 0.00403486682217816, 
0.00920127151518593, 0.00590833924858213, -0.00746349776024395, 
0, 0.0669368217258537, 0.00404714038592321, 0.00923436734178643, 
0.00593937775906683, -0.00746162808584047, 0, 0.0669851558751963, 
0.00412283076115025, 0.00928455684304366, 0.00603788306581952, 
-0.00726461513412598, 0, 0.0669857466634684, 0.00412558989656836, 
0.00928824904794526, 0.00603980690942864, -0.00722663721867967, 
0, 0.0669941448413401, 0.00414186411364803, 0.00936687261232133, 
0.00606850292486992, -0.00720933447349666, 0, 0.0670855828569966, 
0.00414210893407571, 0.00937896931837864, 0.00610246512921438, 
-0.00720924604866921, 0, 0.0670984526738032, 0.00419087519721068, 
0.00947526598421286, 0.0061194403046909, -0.00720252055124285, 
0, 0.0671095686252042, 0.0041976396422185, 0.00948401336377144, 
0.00611989962210703, -0.00716421370050983, 0, 0.067124715908582, 
0.00425062207568763, 0.00951904097085729, 0.00612339212320333, 
-0.0071564414537514, 0, 0.0672022354053356, 0.00425963271167737, 
0.00952031188311891, 0.00616028402297297, -0.00696529502187798, 
0, 0.0672379033194264, 0.00431330340482294, 0.0095666170930172, 
0.00617594696783681, -0.00695352546832137, 0, 0.0672539265335375, 
0.00432534722954853, 0.00961518413899087, 0.00619591824902067, 
-0.00692358392690709, 0, 0.0672962684835556, 0.00433655484728934, 
0.00961821692618189, 0.00622771321217767, -0.00681746888395628, 
0, 0.0673680412790482, 0.0043495873851771, 0.00963011347214671, 
0.00630775658362211, -0.00678888118132918, 0, 0.067375800204625, 
0.00438987605473873, 0.00964544897212435, 0.00630930788733512, 
-0.00672938615468834, 0, 0.0674117561168082, 0.00439644772504058, 
0.0097260757003923, 0.00631738300674342, -0.00667568676573123, 
0, 0.0674291176703719, 0.00440944106004987, 0.00973978749807788, 
0.00660789340592166, -0.00664086556620469, 0, 0.0674347545572211, 
0.00445180255220601, 0.00974256665198164, 0.00661443823614116, 
-0.00663742158618692, 0, 0.067452798604466, 0.0044546885295734, 
0.00980495076805329, 0.00666548437576164, -0.00661250025546725, 
0, 0.0676880193582294, 0.00448783928445518, 0.00983167117964176, 
0.00678241651887782, -0.00659640768215279, 0, 0.0677366272197885, 
0.00449715609291282, 0.00983236996355655, 0.0068030944671246, 
-0.00652669146177094, 0, 0.0678284459833237, 0.00459029676871536, 
0.00985290044008377, 0.006806729168602, -0.00648145407015227, 
0, 0.0679186026424057, 0.00460423787582578, 0.00986480954983737, 
0.00698281914978008, -0.00642902323978725, 0, 0.0680157448405299, 
0.00462187061882219, 0.00996740245225319, 0.00721540351284827, 
-0.00640713298410825, 0, 0.0680641488161208, 0.00466930633162224, 
0.0100065638250633, 0.00729512390785424, -0.00639396649193258, 
0, 0.0680684384056797, 0.00469990858491978, 0.0100159971383704, 
0.00731757752750245, -0.00633312833875076, 0, 0.068172226651501, 
0.00470248588932856, 0.0100696547322657, 0.00740027606522017, 
-0.00612461380270717, 0, 0.0682034464855062, 0.00471251576447318, 
0.0101087707397467, 0.00744398183616962, -0.00610564270494089, 
0, 0.0683740542344303, 0.00473055007849438, 0.0101117386780684, 
0.00745920543556278, -0.00609373867307642, 0, 0.0684446477151947, 
0.00478548155854561, 0.0101774881539577, 0.00758454364249457, 
-0.00605516693972213, 0, 0.0684637555977076, 0.00481061545532493, 
0.0101995016774601, 0.00759601186704872, -0.00597837477455189, 
0, 0.0685282689851782, 0.00486107921942647, 0.0102409193849521, 
0.00762188503183926, -0.00592865355950072, 0, 0.0685306877399727, 
0.00491392441990252, 0.0102707856258703, 0.00764927495515044, 
-0.00585637195917234, 0, 0.0685746731948837, 0.00491675019002125, 
0.0103338136870541, 0.00765229944344595, -0.00585614159689994, 
0, 0.0685782694082249, 0.00492406533656664, 0.0103581867904682, 
0.0076630421321793, -0.00581034903823208, 0, 0.0686257705425771, 
0.00496076834643483, 0.0104641237374113, 0.00777863469005075, 
-0.00578231999907594, 0, 0.0687063026070157, 0.00502204985054014, 
0.0105005710149009, 0.00778588464807399, -0.00575555353510189, 
0, 0.0687291033617785, 0.00503568447096917, 0.0105278174863512, 
0.00778739149725423, -0.00573989932438833, 0, 0.0688366773258173, 
0.00503647896172185, 0.0106608179807324, 0.00781781479075261, 
-0.00567225675274896, 0, 0.0688514084569378, 0.00504235132651135, 
0.0106691926075645, 0.00783727342287309, -0.00561334686058959, 
0, 0.0689014753340968, 0.00511897431542327, 0.0106839123593468, 
0.00786641928024896, -0.00554694325752621, 0, 0.0689349399621875, 
0.00512530421713689, 0.0107377423735947, 0.00790712853180778, 
-0.00537858684175165, 0, 0.0689511076101977, 0.00518966775635571, 
0.0107416828978778, 0.00792019304808649, -0.00524598679933234, 
0, 0.0690756662509787, 0.00521837825590044, 0.010757986344347, 
0.00792405316495876, -0.00522685449535472, 0, 0.0690960071921357, 
0.00525237311620258, 0.0107850371265496, 0.00793451043557918, 
-0.00518650786128082, 0, 0.0691335622732667, 0.00537444241685872, 
0.0108032450550875, 0.00793749169823703, -0.00514829778211338, 
0, 0.0691737010014057, 0.00540978355012128, 0.0108171812569617, 
0.00798551287767767, -0.00505946589205852, 0, 0.0691794569472259, 
0.0054299951119979, 0.0108832343816951, 0.00802058516904809, 
-0.00495884378923447, 0, 0.0692192007222443, 0.00543816884165801, 
0.0109232701519726, 0.00809072020004012, -0.00491401335609372, 
0, 0.0693779383762521, 0.00544509236181201, 0.0109372265641729, 
0.00811485781720406, -0.00489146226741659, 0, 0.0695306837038731, 
0.00546446220191793, 0.010996763529155, 0.0081941862403847, -0.00483476573088193, 
0, 0.0697614409331032, 0.00547940526730453, 0.0109972730018949, 
0.0082637986403335, -0.00482603475233875, 0, 0.069776091713572, 
0.00550422961468003, 0.0110041380181115, 0.00827085361376417, 
-0.00480737055696846, 0, 0.0698073999722059, 0.00552487084726419, 
0.0110084322096939, 0.00832710199735505, -0.0048036101783196, 
0, 0.0698363370080639, 0.00556822285795389, 0.0110139223245478, 
0.00833514410625305, -0.00470051923024625, 0, 0.0699364778799066, 
0.0055883260372325, 0.0110247695887929, 0.00833722474403238, 
-0.00462992940260679, 0, 0.0699464445378057, 0.00559594826481355, 
0.0110539829838661, 0.00838587222397214, -0.00456794599508122, 
0, 0.0701814628551836, 0.00559780303263435, 0.0111228945695461, 
0.00844570530251768, -0.0045457728785908, 0, 0.070193515397604, 
0.00560995075924992, 0.0111265180346809, 0.00845776375099307, 
-0.00451357703940387, 0, 0.0703354563926347, 0.0056556715119257, 
0.0111408128320213, 0.00846414944236794, -0.00444817975615452, 
0, 0.0703413605092723, 0.00568257211404744, 0.0111632934941979, 
0.00848562782148801, -0.00438845889642521, 0, 0.0703446791886632, 
0.00576941758622285, 0.0111791238173663, 0.0084869652753161, 
-0.00435218916884424, 0, 0.0703484064264898, 0.00586312123234103, 
0.0112314550823579, 0.00849983269118086, -0.00431455872613865, 
0, 0.0704010922273295, 0.00591618069662653, 0.0112330352296698, 
0.00854785554689633, -0.00422435413180422, 0, 0.0704119215618112, 
0.00593331114849638, 0.0112508417453679, 0.00856977374752391, 
-0.00404953578388265, 0, 0.0705631144487395, 0.00597098023028397, 
0.0112779229644549, 0.00857736498026054, -0.00399813571734263, 
0, 0.0705706388421046, 0.00599446422528013, 0.0113483873485138, 
0.008629514787308, -0.00398711596589006, 0, 0.070660651746883, 
0.00599973628149678, 0.0114448200161029, 0.0086487306617417, 
-0.00394937825412886, 0, 0.0707110980098344, 0.00605261125118717, 
0.0114784322649135, 0.0086563492146287, -0.00389756887473953, 
0, 0.0707270660097521, 0.00609294187513193, 0.0115929992148388, 
0.00873399087806122, -0.00379195400710737, 0, 0.0707924744246135, 
0.00611025796393308, 0.0116110450527691, 0.00887211182241353, 
-0.00369115200043578, 0, 0.070965544223975, 0.00617016104057827, 
0.0116367135849471, 0.00890391145196402, -0.00368609880910846, 
0, 0.0710894513549717, 0.00617519771879022, 0.0116444117326134, 
0.00891991395758081, -0.0035940516558803, 0, 0.0711015533263377, 
0.00621240383315044, 0.0116594698379512, 0.00893632604018509, 
-0.00354915573032574, 0, 0.0711998832628297, 0.0063030174789076, 
0.011663931608405, 0.0089783829522779, -0.0034909313428392, 0, 
0.0714991007362092, 0.00637101857396485, 0.0116764082934879, 
0.00898102321991488, -0.00344999547392347, 0, 0.0716316241539799, 
0.00639082959266149, 0.0116773313097283, 0.00910644197028036, 
-0.00344603343590463, 0, 0.0716780440902436, 0.00647528227492611, 
0.0117290741866293, 0.00912655346229771, -0.00332056762362221, 
0, 0.0718580141266406, 0.00651548763286083, 0.0117468679657824, 
0.0091840573969747, -0.00321748093434668, 0, 0.0718829409313324, 
0.0065186563925454, 0.0117926077973584, 0.00923020383202433, 
-0.00321306083147077, 0, 0.0719812459098961, 0.00652101739516964, 
0.0118085440434337, 0.00924391388027308, -0.00311541172693899, 
0, 0.0719889643279088, 0.00659839407861135, 0.0118405003327021, 
0.00933008217432735, -0.00309347900315135, 0, 0.07203028269063, 
0.00675327520332603, 0.0118410023519011, 0.00935854172598184, 
-0.00307983580522103, 0, 0.0721383685729675, 0.00682602816907574, 
0.0118768987349278, 0.00936355720748415, -0.00307045828286565, 
0, 0.0721739392793688, 0.0068336781523112, 0.0118853617290641, 
0.00939909637889581, -0.00303211291088552, 0, 0.0722381889279934, 
0.00685965048174542, 0.0119017268274624, 0.00941544924211025, 
-0.00298983771373731, 0, 0.0722635548459013, 0.0069083633154382, 
0.0119443037554019, 0.00942452258346727, -0.00291924325082375, 
0, 0.0724317871664481, 0.00691882807477251, 0.0119481132555694, 
0.00942776891336419, -0.00285720444462342, 0, 0.0726478747915479, 
0.00695752695568547, 0.0119681249118029, 0.00956699585979782, 
-0.00282616373276676, 0, 0.0728286637127511, 0.00696500586593646, 
0.01216829411395, 0.00967189400821591, -0.00281896979585644, 
0, 0.0728529748858661, 0.00696730612828225, 0.0121851167919117, 
0.00968012135142919, -0.00278691168760159, 0, 0.0728739745505149, 
0.00700420853507552, 0.0123030885832519, 0.00972104092803672, 
-0.00276370747619531, 0, 0.0728814013532882, 0.00703354788524968, 
0.0123260960517451, 0.00976838630430792, -0.00268614393594026, 
0, 0.0730382006438048, 0.00705898019069454, 0.0123436022366711, 
0.00981667145120735, -0.00238380327543675, 0, 0.0731177401155669, 
0.00713127861956409, 0.0123482778456881, 0.00982617603493705, 
-0.00237022928692041, 0, 0.0731601260676305, 0.00713869976072698, 
0.0124677690052882, 0.00983570338814437, -0.00237008533470165, 
0, 0.0732468353303301, 0.00716280993560603, 0.0125580845752792, 
0.00984092130113973, -0.0023093576044603, 0, 0.0732611472883284, 
0.00734272311968565, 0.0125771256261541, 0.00984560777733377, 
-0.00229096263652041, 0, 0.0732998570097631, 0.00735871824172449, 
0.0125905701182289, 0.00985108260097955, -0.00223419132100157, 
0, 0.0734681222861926, 0.00738957360194922, 0.0125965327576708, 
0.00986501841303611, -0.00221606243844839, 0, 0.07349459152711, 
0.00740181095197917, 0.0126647394649468, 0.00986607335935645, 
-0.00219230637422185, 0, 0.0735935559312777, 0.00740372317569946, 
0.0127097013915804, 0.00986917196419321, -0.00218983384006548, 
0, 0.0736527438092375, 0.0074611171225141, 0.0127239846561447, 
0.00997937389471418, -0.00214831561733596, 0, 0.0737766784441259, 
0.00762703020109587, 0.0127447010443204, 0.0100012085457096, 
-0.00210784744789486, 0, 0.073831880151263, 0.00767919007877682, 
0.0128296098566678, 0.0100279266955042, -0.00208725343893694, 
0, 0.0738698798184022, 0.00768972075990765, 0.0128329028637164, 
0.0100440551552579, -0.00205657011968047, 0, 0.073870642329264, 
0.00770672724128307, 0.0129467938392306, 0.0100540258911919, 
-0.00203136486853261, 0, 0.0738802457642299, 0.00771180538923774, 
0.0129654694569003, 0.0101352872934526, -0.00190501584846067, 
0, 0.0739374821538618, 0.00771405051390808, 0.0129920720113653, 
0.0101370327930838, -0.001895595914169, 0, 0.0739378565434792, 
0.00774831878652349, 0.013017258823656, 0.0101703654335695, -0.00179155946282041, 
0, 0.0739642252839184, 0.00779462656502938, 0.0130667008343797, 
0.0101786668318639, -0.00173689518389253, 0, 0.0740325304265121, 
0.00779549243967173, 0.0131104337920478, 0.0103276241644735, 
-0.00170052554690932, 0, 0.0740961218806968, 0.00785753646072118, 
0.0132040967251797, 0.0103515296936954, -0.00154937151020797, 
0, 0.0741914597353753, 0.0079033058083639, 0.0132445351313421, 
0.0103532377004688, -0.00153236045341724, 0, 0.074222410037674, 
0.00791815970562199, 0.0132787683739039, 0.0103562262752759, 
-0.00142057510273245, 0, 0.074236281848694, 0.00798647747796594, 
0.0133232038469548, 0.0103709339772161, -0.00140066271262335, 
0, 0.0743700877949073, 0.00799956811581801, 0.0133287108111152, 
0.0105280606368296, -0.00129937408054812, 0, 0.0744465874842796, 
0.00803560809783538, 0.0133444131380058, 0.0106005831216105, 
-0.00121440321522374, 0, 0.0745493491595749, 0.00806136437701213, 
0.0134393538937013, 0.0106371951154316, -0.0011969594769663, 
0, 0.0746026468806998, 0.00824188839653414, 0.0135360857334313, 
0.0106750659729375, -0.000980039228183682, 0, 0.0746819880951924, 
0.00829670778590269, 0.0135635424139859, 0.0107768039228325, 
-0.000924120808036333, 0, 0.0746857594045462, 0.00830027087063556, 
0.0136065187084876, 0.0108001249780753, -0.000921388446303309, 
0, 0.0747705279799626, 0.00835218457040707, 0.0136326466658823, 
0.0108206131752259, -0.000810460124146789, 0, 0.0747968582455125, 
0.00842465617558974, 0.0136405867742214, 0.0108893052707787, 
-0.000782180088101825, 0, 0.0748710122121693, 0.00843434816544439, 
0.0136681690633455, 0.0108954289285809, -0.000779624331438841, 
0, 0.0748713543071641, 0.00844604011676153, 0.0136697726915953, 
0.0109208110840838, -0.000710012086407155, 0, 0.0749612228547094, 
0.00847860557058519, 0.0136698903893761, 0.0109696572390002, 
-0.000674820922656694, 0, 0.0750716511062827, 0.00857046735743769, 
0.0136812615680131, 0.0110456614948148, -0.000587281814273657, 
0, 0.0753789152402006, 0.00865050238170503, 0.0137192944799789, 
0.0110712124937648, -0.000578440060919019, 0, 0.0753985887692727, 
0.00867099383045936, 0.0138448566915249, 0.0110819878545439, 
-0.000564406176656485, 0, 0.0754380389398035, 0.00868758319038587, 
0.013976680264252, 0.0110835263425259, -0.000537454124858755, 
0, 0.0754583339468183, 0.00870710985430534, 0.013997188859258, 
0.011109064658924, -0.000442229510844258, 0, 0.0754997914901375, 
0.00874083597710132, 0.0139977723871108, 0.0112953910526197, 
-0.000376538061177004, 0, 0.075595189068487, 0.00874813172269279, 
0.0140014096109879, 0.0113078090072138, -0.000336985117183053, 
0, 0.0756195104297462, 0.00879256207203932, 0.0140014400776032, 
0.0113291170321949, -0.000327969510915821, 0, 0.075822521377742, 
0.00888549125678811, 0.0140331213413271, 0.0115489958098218, 
-0.000255170609310851, 0, 0.0758558262310654, 0.00888637157205152, 
0.0140420868862389, 0.0115776352889994, -0.000135044207672574, 
0, 0.0758848830016293, 0.0088897646515233, 0.014050153606523, 
0.0115872516517157, -0.000110205325818472, 0, 0.07601731110703, 
0.00891695204487164, 0.0140660802428326, 0.0116057736106253, 
-9.92373832105625e-05, 0, 0.0760845671281686, 0.00895327139760604, 
0.0140688477877411, 0.0116195892553156, -4.73420395993435e-05, 
0, 0.0760918189557727, 0.00896230784156965, 0.0140749848770326, 
0.0116226700515795, -3.31902904451842e-05, 0, 0.0761670553210146, 
0.00901475528935244, 0.0140962704588143, 0.0116838071631449, 
-8.08062709713175e-06, 0, 0.0762619963046293, 0.00905010955274649, 
0.0141084952474127, 0.0116986633697371, 0.000103180823030832, 
0, 0.0762694771569117, 0.00906378421401183, 0.0142104197328698, 
0.0117306933434721, 0.000147824933023372, 0, 0.0763198800458376, 
0.00913754341783063, 0.0142218715064891, 0.0117323380178784, 
0.000204164267087442, 0, 0.0763864333524846, 0.0092205952079436, 
0.0142487297274252, 0.01179932044184, 0.000207840423257361, 0, 
0.0764587312208141, 0.00924533299667724, 0.0142611474674649, 
0.0119344323832759, 0.000364461109166422, 0, 0.0767029761465177, 
0.00931737269521754, 0.0142691357537934, 0.011992974468617, 0.000430561234771892, 
0, 0.0767751176687245, 0.00934763348402312, 0.014368467590897, 
0.0121327727095666, 0.00056360903053794, 0, 0.0767945548470392, 
0.00939186343183168, 0.014477276002222, 0.0121853509827132, 0.000666330951304916, 
0, 0.0768920292532111, 0.00943264680510164, 0.014509037782779, 
0.0122133116191365, 0.000685089145747844, 0, 0.0770117633771379, 
0.00944908664996219, 0.0146063027302406, 0.0122370385534119, 
0.000689639256466437, 0, 0.0770637796894703, 0.00963916805209056, 
0.0146069213298617, 0.0124485110513274, 0.000763852954316205, 
0, 0.0771468433395854, 0.00966269841510098, 0.01464232913138, 
0.0125664124238866, 0.000839346705384741, 0, 0.0771928684910727, 
0.00968163494807248, 0.0146692191253916, 0.0126147603737244, 
0.00104235875811422, 0, 0.0772715550656526, 0.00973693348716603, 
0.0146731479732695, 0.012622459142463, 0.00108565308159334, 0, 
0.0772904645124728, 0.00976245101001963, 0.0147486563211222, 
0.0127215069289044, 0.00111805776102107, 0, 0.0775122666012554, 
0.00978298527507801, 0.0148926064517201, 0.0127606535894065, 
0.0011931560424648, 0, 0.077544759803209, 0.00981374282832914, 
0.0149381456027922, 0.012862736242774, 0.00126871581321455, 0, 
0.0776599095744101, 0.0098161006683857, 0.0149482895232252, 0.012907751884416, 
0.00132346131819808, 0, 0.0777080484553951, 0.00983259337288364, 
0.0149557495676018, 0.0130733447568185, 0.00132754731743569, 
0, 0.0777657739721039, 0.00983435779135555, 0.0149629396623731, 
0.0131106532479673, 0.00145988099057051, 0, 0.0778043172816168, 
0.00984776775641164, 0.0150162738788815, 0.0131207183214614, 
0.00148129123193469, 0, 0.077892535228832, 0.00990694272924664, 
0.0150367168767076, 0.0132667854106703, 0.00153134411558559, 
0, 0.0779546759071656, 0.00996928745299153, 0.0152317756781064, 
0.0132753774627593, 0.00169316203241233, 0, 0.0780452795889566, 
0.00997444424820534, 0.0152831440394139, 0.0133151988312193, 
0.0017045344615866, 0, 0.0787762516660272, 0.0100046573389355, 
0.0153301057559619, 0.0133215718583267, 0.00172481226072703, 
0, 0.0787825520933682, 0.0100232999006347, 0.0153546870297177, 
0.0134608654435842, 0.00172841709345381, 0, 0.0787875259641659, 
0.0100423999419493, 0.0153578375418742, 0.0135893688216398, 0.00173787930989262, 
0, 0.0788792002117738, 0.0100869039208527, 0.0153736050313643, 
0.0136078262195149, 0.00178688125142829, 0, 0.0791921831575851, 
0.0100953819817026, 0.0154497575487239, 0.0136135505700951, 0.00179750915711685, 
0, 0.0791992937944341, 0.0101019878273033, 0.0154936496297849, 
0.01364870229224, 0.00182670342334179, 0, 0.079281571192984, 
0.0101230199521548, 0.0155487335222549, 0.0137080148498925, 0.00186683317783222, 
0, 0.0793271352944069, 0.0103735895363448, 0.0156298209661161, 
0.0138122191101495, 0.0019397704581454, 0, 0.079342036039312, 
0.0104352825176548, 0.0156454100156433, 0.0138306617390159, 0.00194290515936399, 
0, 0.0794093997511538, 0.0104649068030608, 0.0156865893869107, 
0.0138853072384444, 0.0019542729544739, 0, 0.0794094652508511, 
0.0104823000265591, 0.0156867304305288, 0.0139373361258389, 0.00198458901144014, 
0, 0.0797531527140695, 0.0104862145676692, 0.0157037620872897, 
0.0140263591785715, 0.00233553054057802, 0, 0.0799666858071165, 
0.0105852775686039, 0.0157422905338397, 0.014083699763982, 0.00242173608550283, 
0, 0.0802214515201813, 0.0105875121394003, 0.0157536987154661, 
0.0141035725903277, 0.00251772739619158, 0, 0.0804464594274502, 
0.0107087781220891, 0.015902109011586, 0.0141172858651258, 0.00258998805856576, 
0, 0.0804901303026244, 0.0107390314270326, 0.0159546909057852, 
0.0141457654468228, 0.00277813479888026, 0, 0.0805989395413381, 
0.0108425771896488, 0.0159835252727868, 0.014463788735893, 0.00280033790466719, 
0, 0.0806225454804823, 0.0109132195056871, 0.0160126076109499, 
0.0144974402126357, 0.00284067025730009, 0, 0.0807196874314514, 
0.0109507266280945, 0.0160310170740647, 0.0145197133928017, 0.00288397113735959, 
0, 0.0807223508644621, 0.0110562282014557, 0.0161119644481423, 
0.0145689867393299, 0.00291011142649739, 0, 0.0807674974234485, 
0.0111100908964945, 0.0161258218432428, 0.0146259969729362, 0.00306334295301407, 
0, 0.0808686514080454, 0.0111657654930145, 0.0161882619955591, 
0.0146403636347199, 0.00306481327820193, 0, 0.0810452190914801, 
0.0112271187221547, 0.0163305073183416, 0.0147587011668484, 0.00316592602629419, 
0, 0.0811114187589064, 0.0112645813141612, 0.0163471570374133, 
0.014779928344476, 0.0031961777634812, 0, 0.0811413622257571, 
0.0113881189802189, 0.0163857940888, 0.0148342851851716, 0.00326204328719246, 
0, 0.0811790069888434, 0.011392790032327, 0.0164095598793569, 
0.0148502723540526, 0.00332600891572866, 0, 0.0811805228950005, 
0.0114480615154338, 0.0164531752097377, 0.0149326760832102, 0.00356868873225298, 
0, 0.0812055779697672, 0.0115267083843961, 0.0165682056079378, 
0.0149530158696476, 0.00365950388112178, 0, 0.0812469594137135, 
0.0116046158750153, 0.0167054922484036, 0.0150290291389884, 0.00391157006917152, 
0, 0.0812919428044585, 0.0116952158263456, 0.0168005681905447, 
0.0151840452273392, 0.00396350112996142, 0, 0.0813754988298345, 
0.0117095125137359, 0.0168376621657992, 0.0152204027704517, 0.0040106077089939, 
0, 0.0815247690535597, 0.0117509789353593, 0.016841927104473, 
0.0154248985776771, 0.00413014199826747, 0, 0.0815713402779025, 
0.0117684875549571, 0.0168454957221621, 0.0154455766681859, 0.00417601985144235, 
0, 0.0816261277620921, 0.011863834090335, 0.0168623546857968, 
0.0154583631950815, 0.00418078903521552, 0, 0.0816565811324726, 
0.0118661907409477, 0.0169448405610487, 0.0154766620198744, 0.00426067989110539, 
0, 0.081747711787567, 0.0119010231689434, 0.0169658876341527, 
0.0155249565117278, 0.00443019508183504, 0, 0.0818455386432913, 
0.011915792836424, 0.0170351530747692, 0.0157802661546821, 0.00451938791489948, 
0, 0.0820195163334651, 0.0119462955801699, 0.0170548126379721, 
0.0158384572394657, 0.00456354284381125, 0, 0.0822672559442742, 
0.0119756689652481, 0.0171557578427878, 0.0159183397343923, 0.00470374268054027, 
0, 0.0823225056580092, 0.0119956133964692, 0.0173647026447848, 
0.0160174172144634, 0.00471894777786146, 0, 0.0825541400528894, 
0.0120042491237906, 0.0173931712266322, 0.0160590124270984, 0.00491406017819533, 
0, 0.0826439068895939, 0.0120344684927205, 0.017442187461877, 
0.0160742023031661, 0.00503328368199087, 0, 0.0828123398448153, 
0.0120516274886762, 0.0174677147123928, 0.0161100715671073, 0.00509657520722481, 
0, 0.082840351590369, 0.0121066681071638, 0.0176258905102597, 
0.0161681519314994, 0.00516322540046553, 0, 0.0830961490103863, 
0.0121155035195804, 0.0176602021153888, 0.0161998495927887, 0.0052159521385141, 
0, 0.0831244237958903, 0.0121663099227508, 0.017703324673273, 
0.0162773377690108, 0.00524820253980726, 0, 0.0831351226335428, 
0.0121804276101362, 0.0177716740946008, 0.0163178248993381, 0.00526367437628573, 
0, 0.0833163210308179, 0.0122256535396947, 0.0178370686644457, 
0.0163345765668377, 0.00526946449523524, 0, 0.083462270906401, 
0.0123493856166329, 0.0179431083613998, 0.0164483605753766, 0.00536696221438729, 
0, 0.0840522171904279, 0.0124798583315292, 0.0179466736148944, 
0.0165278421947829, 0.00538580334521804, 0, 0.0840824980497892, 
0.0124831112716031, 0.0179988271493464, 0.016558001573034, 0.0054040867185917, 
0, 0.0842145615850744, 0.0124925812239872, 0.0181335092873329, 
0.016627200352591, 0.00543052464524579, 0, 0.0845166121708713, 
0.0125124308690349, 0.0182132506646684, 0.016705550840001, 0.00547032219542237, 
0, 0.0847614293108071, 0.0125467507498868, 0.018251732483328, 
0.0167754171325449, 0.00547259218300213, 0, 0.0850489164219722, 
0.0125944049054307, 0.0183567987055025, 0.0168872385829331, 0.00556692752191452, 
0, 0.0860903619738056, 0.0126772342736132, 0.0184240677125002, 
0.0170017856661727, 0.00566396835452647, 0, 0.0866530222159301, 
0.0127876645266042, 0.0184979970601351, 0.0170119192658074, 0.00576796937155033, 
0, 0.0868683412859709, 0.0127896212874373, 0.018541958005063, 
0.0170552887494532, 0.00581471376267537, 0, 0.0872209760033038, 
0.0128151653122005, 0.0187653335099542, 0.0172089731175687, 0.00588170573570712, 
0, 0.0872346208658547, 0.0128598734742351, 0.0187897399401913, 
0.017252047086377, 0.00590072562936712, 0, 0.0873326674805751, 
0.0129136964690629, 0.0187967528123479, 0.0172544750575123, 0.00591863828786839, 
0, 0.087500813621796, 0.0130847141762354, 0.0188042832766986, 
0.0173553919545154, 0.00606844878872377, 0, 0.087723180436928, 
0.0132137343916358, 0.0188187122587466, 0.0175575684064863, 0.00640181064341397, 
0, 0.0878044302517774, 0.0133305654946284, 0.0189766826448716, 
0.0177300345081947, 0.00649022825933547, 0, 0.0879030214858035, 
0.0133501671329334, 0.0191048458668147, 0.0178270855860541, 0.00649583611451307, 
0, 0.088119941832846, 0.0134238581127948, 0.019197717164692, 
0.0179993252217291, 0.00652277440569708, 0, 0.088244547145374, 
0.0134673002350224, 0.0192112982693548, 0.0180125109205139, 0.0067440521963217, 
0, 0.0887187396092353, 0.0134714727875523, 0.0192418785869137, 
0.0180300011811381, 0.00675916725818933, 0, 0.0887858545460936, 
0.0135569422057943, 0.0195132624165848, 0.0180922913484974, 0.0067667608591791, 
0, 0.0888990639416087, 0.0135810653799903, 0.0196676343929701, 
0.0182562090099402, 0.00686603098748279, 0, 0.0889174407062232, 
0.0136355071040191, 0.0198168379521668, 0.0184483422321932, 0.00693353446544255, 
0, 0.0889211099653676, 0.0136516265900433, 0.0198369229770868, 
0.0184564590501092, 0.0070763753835623, 0, 0.0890431953022811, 
0.0137035024095045, 0.0198624883649596, 0.0184985692816226, 0.00720612957119085, 
0, 0.089151428205978, 0.0137109269861573, 0.019967786785814, 
0.0186122917094623, 0.00722268772931896, 0, 0.0891799948621315, 
0.0137410508340382, 0.0203595256580868, 0.0186780861122731, 0.00723607700346912, 
0, 0.0893849020571345, 0.0137851590031134, 0.0203857791511044, 
0.019003357168406, 0.00730053651347218, 0, 0.0894532435262463, 
0.0138604503772151, 0.0203928674442085, 0.0190292116321051, 0.00735287055713643, 
0, 0.0895231155784423, 0.0140536742671309, 0.02041465198396, 
0.0191405884292247, 0.00741292731957681, 0, 0.0895971840126648, 
0.014207561360855, 0.0204646972731886, 0.0193932498459338, 0.00766483044643146, 
0, 0.0896007906067267, 0.0142417783934034, 0.0205322817356206, 
0.0195100722273561, 0.00769882530422007, 0, 0.0896655683441213, 
0.0142622679409894, 0.0205336561947025, 0.0196281223367834, 0.00802932838453113, 
0, 0.08985353015551, 0.0142854828512262, 0.0205499926210505, 
0.0196557136767484, 0.00828514054789838, 0, 0.0910285096073034, 
0.0146803346127823, 0.0206388449915793, 0.0199688889121512, 0.00842864278802688, 
0, 0.0910370923688269, 0.0148459423260799, 0.0207750548974865, 
0.0201464776775851, 0.00856789937945859, 0, 0.0910427931148222, 
0.0149225647830771, 0.0207795135869585, 0.0203192961964156, 0.00884696740914452, 
0, 0.0913000050355344, 0.0150770079773463, 0.0208468626445503, 
0.0204581321469423, 0.00904487309086174, 0, 0.091841332557237, 
0.0154573972966191, 0.0209075253965072, 0.0205130807044238, 0.00918494774218294, 
0, 0.0919395356371012, 0.0155532481415154, 0.0212122436887103, 
0.0205175386417977, 0.0093017677671748, 0, 0.0919825597036883, 
0.0156158844827061, 0.0212325759845014, 0.0212121287649913, 0.00942699296646431, 
0, 0.092163661797186, 0.0157635078886953, 0.021378706568311, 
0.0212603516044616, 0.00992595417929278, 0, 0.0924234907084094, 
0.0164147442933483, 0.0214367961314215, 0.0213638218523402, 0.00994422268227475, 
0, 0.0926387651571775, 0.0165740640743696, 0.0215165950237588, 
0.0217663588411599, 0.0102024438736482, 0, 0.0927100478837239, 
0.0165744927546271, 0.0220163708695748, 0.0219494979250772, 0.0103322172453369, 
0, 0.0928868491361633, 0.0166124886796875, 0.0221837073043023, 
0.0220471361042159, 0.010430254973013, 0, 0.0931332760574816, 
0.0166198617401254, 0.0222903861026146, 0.0221708769987994, 0.0105156040365931, 
0, 0.0932144737808677, 0.0170785253026539, 0.0224157090441, 0.0222040566390061, 
0.0105912354170888, 0, 0.0934760951439003, 0.0172071782669103, 
0.0224889863577635, 0.0222928498927837, 0.0107366688383997, 0, 
0.0935937667622305, 0.0173847197719476, 0.0224993791039967, 0.0223154466782025, 
0.0111488642029954, 0, 0.0937137477900551, 0.0174326842965828, 
0.0226637901432035, 0.0223518940947402, 0.0116369782152277, 0, 
0.0938963854732126, 0.0175046193729437, 0.0228281330934357, 0.0229574979625345, 
0.0118884859990227, 0, 0.0940393059643903, 0.0175364835097096, 
0.0230889050138509, 0.0232323093644478, 0.0119188250108977, 0, 
0.0952822146401236, 0.017800388629564, 0.0232844236928776, 0.023567602744659, 
0.011931510676449, 0, 0.0954747803079238, 0.0180274558655625, 
0.0234401232586239, 0.0247380559677297, 0.0120183016053469, 0, 
0.095758063086716, 0.0181176356110278, 0.0234546595593158, 0.0248940729314934, 
0.0120418711108696, 0, 0.0958757402993258, 0.0181871769453105, 
0.0235543556728801, 0.025459808111991, 0.0121545152889096, 0, 
0.0959192490205045, 0.0182637557372078, 0.024058712960563, 0.025587591392106, 
0.0125299326174229, 0, 0.0960339449489146, 0.0183935708179222, 
0.0241059425363293, 0.0257807834968165, 0.0131888239698293, 0, 
0.096054136801404, 0.0184537966764302, 0.0242724459359107, 0.0260873738088871, 
0.0133141974692617, 0, 0.0969691016122947, 0.0185695194308011, 
0.0242955262657608, 0.0264233265787819, 0.0136579684962168, 0, 
0.0977290754805602, 0.0185747094871713, 0.0243826398249618, 0.026462365463407, 
0.0145912110729154, 0, 0.0979050472596695, 0.0186329835251501, 
0.0254809946133304, 0.0271157912199938, 0.0149954754548192, 0, 
0.098012691069579, 0.0196759856061207, 0.0259783734799743, 0.0271543185016661, 
0.0156895977448105, 0, 0.098410218641329, 0.0201724474973735, 
0.0261285351975855, 0.0276959440094518, 0.0170534799222404, 0, 
0.0995078744997148, 0.020320302870712, 0.0261477420434399, 0.0278161121818251, 
0.0183561255246656, 0, 0.100444829280703, 0.0204073800431449, 
0.0268456276910145, 0.0283675110720368, 0.0197016703299697, 0, 
0.100823544390399, 0.0221298867511414, 0.027165126365035, 0.0283687233414298, 
0.0197531340693867, 0, 0.102645774732107, 0.0227351117330995, 
0.028385613583503, 0.0285749811175024, 0.019986431218118, 0, 
0.103759838815128, 0.0230521127071698, 0.0308932847917984, 0.0292927439647233, 
0.0226936502581038, 0, 0.103790109477232, 0.0276992298850819, 
0.0317722341905511, 0.0306226552479952, 0.0236386760190086, 0, 
0.106772793698514, 0.0301561603743513, 0.037960909982599, 0.0346096419160378, 
0.03074244959069), .Dim = c(6L, 600L))
